50,25,1,

05,05,05,05,05,05,05,05,05,05,05,05,05,05,05,05,05,05,05,05,05,05,05,05,05,05,05,05,05,05,05,05,05,05,05,05,05,05,05,05,05,05,05,05,05,05,05,05,05,05,
05,05,05,05,05,05,05,05,05,05,05,05,05,05,05,05,05,05,05,05,05,05,05,05,05,05,05,05,05,05,05,05,05,05,05,05,05,05,05,05,05,05,05,05,05,05,05,05,05,05,
05,05,05,05,05,05,01,03,05,01,02,03,05,05,05,05,05,05,05,05,05,05,05,05,05,05,05,05,05,05,05,05,05,05,05,05,05,05,05,05,05,05,05,05,05,05,05,05,05,05,
05,05,05,05,05,05,05,05,05,01,02,03,05,05,05,05,05,05,05,05,05,05,05,01,02,02,03,05,05,05,05,05,05,05,05,05,05,05,05,05,05,05,05,05,05,05,05,05,05,05,
05,05,05,05,01,02,02,02,02,02,02,03,05,05,05,05,05,05,05,05,05,05,05,00,00,00,00,05,05,05,05,05,05,05,05,05,05,05,05,05,05,05,05,05,05,05,05,05,05,05,
01,02,02,02,03,05,05,05,05,01,02,03,05,05,05,05,05,05,05,05,01,02,02,02,02,02,02,02,03,05,05,05,05,05,05,05,05,05,05,05,05,05,05,05,05,05,05,05,05,05,
05,05,05,05,05,05,05,01,02,02,02,03,05,05,05,05,05,05,05,01,02,02,02,03,05,05,05,05,05,05,05,05,05,05,05,05,05,05,05,05,05,05,05,05,05,05,05,05,05,05,
05,05,05,05,05,05,05,01,03,05,05,05,05,05,05,05,05,05,01,02,02,02,03,05,05,05,05,05,05,05,05,05,05,05,05,05,05,05,05,05,05,05,05,05,05,05,05,05,05,05,
05,05,05,05,05,05,05,01,03,05,05,05,05,05,05,05,05,05,01,02,02,03,05,05,05,05,05,05,05,05,05,05,05,05,05,05,05,05,05,05,05,05,05,05,05,05,05,05,05,05,
05,05,05,05,05,05,05,01,02,02,02,02,02,02,02,02,02,02,02,02,03,05,05,05,05,05,05,05,05,05,05,05,05,05,05,05,05,05,05,05,05,05,05,05,05,05,05,05,05,05,
05,05,05,05,05,05,05,05,05,05,05,05,05,05,05,05,05,05,05,05,05,05,05,05,05,05,05,05,05,05,05,05,05,05,05,05,05,05,05,05,05,05,05,05,05,05,05,05,05,05,
05,05,05,05,05,05,05,05,05,05,05,05,05,05,05,05,05,05,05,05,05,05,05,05,05,05,05,05,05,05,05,05,05,05,05,05,05,05,05,05,05,05,05,05,05,05,05,05,05,05,
05,05,05,05,05,05,05,05,05,05,05,05,05,05,05,05,05,05,05,05,05,05,05,05,05,05,05,05,05,05,05,05,05,05,05,05,05,05,05,05,05,05,05,05,05,05,05,05,05,05,
05,05,05,05,05,05,05,05,05,05,05,05,05,05,05,05,05,05,05,05,05,05,05,05,05,05,05,05,05,05,05,05,05,05,05,05,05,05,05,05,05,05,05,05,05,05,05,05,05,05,
05,05,05,05,05,05,05,05,05,05,05,05,05,05,05,05,05,05,05,05,05,05,05,05,05,05,05,05,05,05,05,05,05,05,05,05,05,05,05,05,05,05,05,05,05,05,05,05,05,05,
05,05,05,05,05,05,05,05,05,05,05,05,05,05,05,05,05,05,05,05,05,05,05,05,05,05,05,05,05,05,05,05,05,05,05,05,05,05,05,05,05,05,05,05,05,05,05,05,05,05,
05,05,05,05,05,05,05,05,05,05,05,05,05,05,05,05,05,05,05,05,05,05,05,05,05,05,05,05,05,05,05,05,05,05,05,05,05,05,05,05,05,05,05,05,05,05,05,05,05,05,
05,05,05,05,05,05,05,05,05,05,05,05,05,05,05,05,05,05,05,05,05,05,05,05,05,05,05,05,05,05,05,05,05,05,05,05,05,05,05,05,05,05,05,05,05,05,05,05,05,05,
05,05,05,05,05,05,05,05,05,05,05,05,05,05,05,05,05,05,05,05,05,05,05,05,05,05,05,05,05,05,05,05,05,05,05,05,05,05,05,05,05,05,05,05,05,05,05,05,05,05,
05,05,05,05,05,05,05,05,05,05,05,05,05,05,05,05,05,05,05,05,05,05,05,05,05,05,05,05,05,05,05,05,05,05,05,05,05,05,05,05,05,05,05,05,05,05,05,05,05,05,
05,05,05,05,05,05,05,05,05,05,05,05,05,05,05,05,05,05,05,05,05,05,05,05,05,05,05,05,05,05,05,05,05,05,05,05,05,05,05,05,05,05,05,05,05,05,05,05,05,05,
05,05,05,05,05,05,05,05,05,05,05,05,05,05,05,05,05,05,05,05,05,05,05,05,05,05,05,05,05,05,05,05,05,05,05,05,05,05,05,05,05,05,05,05,05,05,05,05,05,05,
05,05,05,05,05,05,05,05,05,05,05,05,05,05,05,05,05,05,05,05,05,05,05,05,05,05,05,05,05,05,05,05,05,05,05,05,05,05,05,05,05,05,05,05,05,05,05,05,05,05,
05,05,05,05,05,05,05,05,05,05,05,05,05,05,05,05,05,05,05,05,05,05,05,05,05,05,05,05,05,05,05,05,05,05,05,05,05,05,05,05,05,05,05,05,05,05,05,05,05,05,
05,05,05,05,05,05,05,05,05,05,05,05,05,05,05,05,05,05,05,05,05,05,05,05,05,05,05,05,05,05,05,05,05,05,05,05,05,05,05,05,05,05,05,05,05,05,05,05,05,05,


05,05,05,05,05,05,05,05,05,05,05,05,05,05,05,05,05,05,05,05,05,05,05,05,05,
05,05,05,05,05,05,05,05,05,05,05,05,05,05,05,05,05,05,05,05,05,05,06,05,06,
05,05,05,05,05,05,05,05,05,05,05,05,05,05,05,05,05,05,05,05,05,11,12,11,12,
05,05,05,05,05,05,05,05,05,05,05,05,05,05,05,05,05,05,05,05,05,05,05,05,05,
05,05,05,05,05,05,05,05,05,05,05,05,05,05,05,05,05,05,05,05,05,05,05,05,05,
05,05,05,05,05,05,05,05,05,05,05,05,05,05,05,05,05,05,05,05,05,05,05,05,05,
05,05,05,05,05,05,05,05,05,06,05,05,05,05,05,05,05,05,05,05,05,05,05,05,05,
05,05,05,05,05,05,05,05,11,12,05,05,05,05,05,05,05,05,05,05,05,05,05,05,05,
05,05,05,05,05,05,05,05,05,05,05,05,05,05,05,05,05,05,05,05,05,05,05,05,05,
05,05,05,05,05,05,05,05,05,05,05,05,05,05,05,05,06,05,05,05,05,05,05,05,05,
05,05,05,05,05,05,05,05,05,05,05,05,05,05,05,11,12,05,05,05,05,05,05,05,05,
05,05,05,05,05,05,05,05,05,05,05,05,05,05,05,05,05,05,05,05,05,05,05,05,05,
05,05,05,05,05,05,06,05,05,05,05,05,05,05,05,05,05,05,05,05,05,05,05,05,05,
05,05,05,05,05,11,12,05,05,05,05,05,05,05,05,05,05,05,05,05,05,05,05,05,05,
05,05,05,05,05,05,05,05,05,05,05,05,05,05,05,05,05,05,05,05,05,05,05,06,05,
05,05,05,05,05,05,05,05,05,05,05,05,05,05,05,05,05,05,05,05,05,05,01,03,06,
05,04,06,05,05,05,05,05,05,05,05,05,05,05,06,05,05,05,05,05,05,04,07,09,04,
11,04,12,05,05,05,05,05,05,05,05,05,05,04,04,06,05,05,05,05,05,11,13,15,12,
05,05,05,05,05,05,05,05,05,05,05,05,04,04,04,04,05,05,05,05,05,05,11,12,05,
05,05,05,05,05,05,05,05,05,05,05,05,11,04,04,12,05,05,05,05,05,05,05,05,05,
05,05,05,05,05,05,05,05,06,05,05,05,05,11,12,05,05,05,05,05,05,05,05,05,05,
05,05,05,05,05,05,05,04,04,04,06,05,05,05,05,05,05,05,05,05,05,05,05,05,05,
05,05,05,05,05,05,01,02,02,02,03,06,05,05,05,05,05,05,05,05,05,05,05,05,05,
05,05,05,05,05,11,13,14,14,14,15,12,05,05,05,05,05,05,05,05,05,05,05,05,05,
05,05,05,05,05,05,11,04,04,04,12,05,05,05,05,05,05,05,05,05,05,05,05,05,05,
